A,R,N,D,C,E,Q,G,H,I,L,K,M,F,P,S,T,W,Y,V,Class
0.0,0.13636363636363635,0.007905138339920948,0.011857707509881422,0.07312252964426877,0.07312252964426877,0.05731225296442688,0.1067193675889328,0.07905138339920949,0.005928853754940711,0.06719367588932806,0.04940711462450593,0.0,0.03557312252964427,0.03359683794466403,0.07114624505928854,0.08102766798418973,0.01383399209486166,0.037549407114624504,0.05928853754940711,DNA
0.07692307692307693,0.04127579737335835,0.0300187617260788,0.03189493433395872,0.0150093808630394,0.0375234521575985,0.04878048780487805,0.06378986866791744,0.020637898686679174,0.0300187617260788,0.05628517823639775,0.03564727954971857,0.0225140712945591,0.04878048780487805,0.1294559099437148,0.16885553470919323,0.08630393996247655,0.001876172607879925,0.028142589118198873,0.02626641651031895,DNA
0.11614730878186968,0.053824362606232294,0.014164305949008499,0.028328611898016998,0.014164305949008499,0.0708215297450425,0.036827195467422094,0.16147308781869688,0.0906515580736544,0.0113314447592068,0.0764872521246459,0.0453257790368272,0.0169971671388102,0.0339943342776204,0.0764872521246459,0.0764872521246459,0.019830028328611898,0.0028328611898017,0.019830028328611898,0.0339943342776204,DNA
0.07673267326732673,0.05693069306930693,0.024752475247524754,0.017326732673267328,0.01485148514851485,0.0891089108910891,0.04702970297029703,0.12128712871287128,0.01485148514851485,0.039603960396039604,0.09158415841584158,0.03712871287128713,0.009900990099009901,0.012376237623762377,0.10396039603960396,0.06930693069306931,0.05693069306930693,0.022277227722772276,0.009900990099009901,0.08415841584158416,DNA
0.128099173553719,0.0640495867768595,0.028925619834710745,0.05578512396694215,0.008264462809917356,0.045454545454545456,0.08884297520661157,0.06198347107438017,0.022727272727272728,0.05165289256198347,0.10950413223140495,0.028925619834710745,0.014462809917355372,0.0371900826446281,0.07231404958677685,0.05165289256198347,0.03512396694214876,0.0371900826446281,0.028925619834710745,0.028925619834710745,DNA
0.0498812351543943,0.09501187648456057,0.04275534441805225,0.023752969121140142,0.047505938242280284,0.06175771971496437,0.052256532066508314,0.057007125890736345,0.0332541567695962,0.021377672209026127,0.06175771971496437,0.08076009501187649,0.014251781472684086,0.0498812351543943,0.05938242280285035,0.1021377672209026,0.06175771971496437,0.007125890736342043,0.023752969121140142,0.05463182897862233,DNA
0.06466165413533835,0.05714285714285714,0.039097744360902256,0.045112781954887216,0.016541353383458645,0.081203007518797,0.04661654135338346,0.06466165413533835,0.02706766917293233,0.031578947368421054,0.06466165413533835,0.04962406015037594,0.02556390977443609,0.045112781954887216,0.07669172932330827,0.11278195488721804,0.05112781954887218,0.01804511278195489,0.012030075187969926,0.07067669172932331,DNA
0.056265984654731455,0.0639386189258312,0.03324808184143223,0.06649616368286446,0.015345268542199489,0.08184143222506395,0.04092071611253197,0.0741687979539642,0.020460358056265986,0.023017902813299233,0.09207161125319693,0.06649616368286446,0.020460358056265986,0.03836317135549872,0.056265984654731455,0.10485933503836317,0.05115089514066496,0.023017902813299233,0.03580562659846547,0.03580562659846547,DNA
0.13304721030042918,0.07081545064377683,0.01072961373390558,0.09656652360515021,0.002145922746781116,0.1072961373390558,0.04721030042918455,0.0536480686695279,0.006437768240343348,0.04291845493562232,0.0944206008583691,0.07296137339055794,0.015021459227467811,0.015021459227467811,0.03862660944206009,0.04291845493562232,0.06223175965665236,0.008583690987124463,0.019313304721030045,0.060085836909871244,DNA
0.041666666666666664,0.041666666666666664,0.05555555555555555,0.05555555555555555,0.0,0.1527777777777778,0.0,0.06944444444444445,0.013888888888888888,0.06944444444444445,0.1111111111111111,0.125,0.027777777777777776,0.027777777777777776,0.027777777777777776,0.05555555555555555,0.027777777777777776,0.041666666666666664,0.013888888888888888,0.041666666666666664,DNA
0.052715654952076675,0.05591054313099041,0.036741214057507986,0.07348242811501597,0.022364217252396165,0.051118210862619806,0.02875399361022364,0.07827476038338659,0.027156549520766772,0.05750798722044728,0.07987220447284345,0.06070287539936102,0.03035143769968051,0.03354632587859425,0.06869009584664537,0.10702875399361023,0.05910543130990415,0.006389776357827476,0.023961661341853034,0.0463258785942492,DNA
0.1071863580998782,0.07429963459196103,0.04506699147381242,0.06942752740560293,0.020706455542021926,0.04628501827040195,0.049939098660170524,0.040194884287454324,0.030450669914738125,0.03532277710109622,0.1023142509135201,0.029232643118148598,0.0194884287454324,0.030450669914738125,0.06211936662606577,0.09500609013398295,0.0535931790499391,0.023142509135200974,0.02192448233861145,0.0438489646772229,DNA
0.08974358974358974,0.10256410256410256,0.01282051282051282,0.0641025641025641,0.03205128205128205,0.08333333333333333,0.03205128205128205,0.0641025641025641,0.04487179487179487,0.057692307692307696,0.10256410256410256,0.04487179487179487,0.01282051282051282,0.038461538461538464,0.019230769230769232,0.03205128205128205,0.0641025641025641,0.03205128205128205,0.01282051282051282,0.057692307692307696,DNA
0.0859504132231405,0.1024793388429752,0.009917355371900827,0.05289256198347107,0.06446280991735537,0.05785123966942149,0.05454545454545454,0.08099173553719008,0.013223140495867768,0.01487603305785124,0.06776859504132231,0.06776859504132231,0.008264462809917356,0.026446280991735537,0.10578512396694215,0.05950413223140496,0.05289256198347107,0.013223140495867768,0.013223140495867768,0.047933884297520664,DNA
0.15306122448979592,0.03571428571428571,0.015306122448979591,0.02040816326530612,0.0,0.030612244897959183,0.025510204081632654,0.04081632653061224,0.01020408163265306,0.030612244897959183,0.030612244897959183,0.29591836734693877,0.01020408163265306,0.00510204081632653,0.08163265306122448,0.10714285714285714,0.030612244897959183,0.0,0.015306122448979591,0.061224489795918366,DNA
0.06607495069033531,0.03254437869822485,0.03550295857988166,0.0611439842209073,0.013806706114398421,0.07396449704142012,0.03353057199211045,0.07001972386587771,0.01873767258382643,0.047337278106508875,0.08875739644970414,0.1242603550295858,0.02465483234714004,0.029585798816568046,0.04339250493096647,0.08382642998027613,0.04142011834319527,0.01282051282051282,0.03155818540433925,0.0670611439842209,DNA
0.0761904761904762,0.06666666666666667,0.0380952380952381,0.047619047619047616,0.009523809523809525,0.13333333333333333,0.02857142857142857,0.0380952380952381,0.02857142857142857,0.06666666666666667,0.08571428571428572,0.0761904761904762,0.02857142857142857,0.01904761904761905,0.05714285714285714,0.05714285714285714,0.05714285714285714,0.01904761904761905,0.02857142857142857,0.0380952380952381,DNA
0.07469654528478058,0.051353874883286646,0.035480859010270774,0.05695611577964519,0.011204481792717087,0.07563025210084033,0.025210084033613446,0.07749766573295985,0.018674136321195144,0.058823529411764705,0.08123249299719888,0.06629318394024276,0.021475256769374416,0.03828197945845005,0.04201680672268908,0.08123249299719888,0.059757236227824466,0.009337068160597572,0.040149393090569564,0.07469654528478058,DNA
0.09696969696969697,0.08484848484848485,0.030303030303030304,0.05454545454545454,0.006060606060606061,0.08484848484848485,0.01818181818181818,0.1393939393939394,0.0,0.024242424242424242,0.04242424242424243,0.03636363636363636,0.012121212121212121,0.048484848484848485,0.05454545454545454,0.09696969696969697,0.07272727272727272,0.01818181818181818,0.006060606060606061,0.07272727272727272,DNA
0.140625,0.0703125,0.0078125,0.03125,0.0,0.0390625,0.0390625,0.1171875,0.046875,0.0703125,0.09375,0.109375,0.0078125,0.0078125,0.0234375,0.0625,0.0625,0.0,0.015625,0.0546875,DNA
0.125,0.0703125,0.0078125,0.03125,0.0,0.0390625,0.0390625,0.1171875,0.046875,0.0703125,0.09375,0.109375,0.0078125,0.0078125,0.0234375,0.0703125,0.0625,0.0,0.015625,0.0625,DNA
0.08673469387755102,0.10714285714285714,0.05612244897959184,0.030612244897959183,0.0,0.11224489795918367,0.04081632653061224,0.04591836734693878,0.01020408163265306,0.07142857142857142,0.1377551020408163,0.05102040816326531,0.030612244897959183,0.05612244897959184,0.02040816326530612,0.061224489795918366,0.030612244897959183,0.00510204081632653,0.015306122448979591,0.030612244897959183,DNA
0.05459770114942529,0.041666666666666664,0.0603448275862069,0.05028735632183908,0.01293103448275862,0.04885057471264368,0.08477011494252873,0.08189655172413793,0.01867816091954023,0.04454022988505747,0.07614942528735633,0.03879310344827586,0.020114942528735632,0.040229885057471264,0.09195402298850575,0.07614942528735633,0.07327586206896551,0.0028735632183908046,0.021551724137931036,0.0603448275862069,DNA
0.040268456375838924,0.04697986577181208,0.03691275167785235,0.07046979865771812,0.006711409395973154,0.07046979865771812,0.030201342281879196,0.06375838926174497,0.020134228187919462,0.08053691275167785,0.06375838926174497,0.09731543624161074,0.040268456375838924,0.05704697986577181,0.040268456375838924,0.05704697986577181,0.07046979865771812,0.006711409395973154,0.040268456375838924,0.06040268456375839,DNA
0.0410958904109589,0.05283757338551859,0.05675146771037182,0.0821917808219178,0.0136986301369863,0.08806262230919765,0.03913894324853229,0.05675146771037182,0.025440313111545987,0.05283757338551859,0.07436399217221135,0.08414872798434442,0.03131115459882583,0.03522504892367906,0.033268101761252444,0.08414872798434442,0.06262230919765166,0.015655577299412915,0.025440313111545987,0.04500978473581213,DNA
0.07874015748031496,0.05511811023622047,0.06299212598425197,0.03937007874015748,0.007874015748031496,0.13385826771653545,0.031496062992125984,0.031496062992125984,0.015748031496062992,0.05511811023622047,0.07874015748031496,0.08661417322834646,0.03937007874015748,0.047244094488188976,0.015748031496062992,0.10236220472440945,0.023622047244094488,0.0,0.023622047244094488,0.07086614173228346,DNA
0.061224489795918366,0.05442176870748299,0.047619047619047616,0.08163265306122448,0.027210884353741496,0.02040816326530612,0.034013605442176874,0.04081632653061224,0.02040816326530612,0.08163265306122448,0.08163265306122448,0.05442176870748299,0.027210884353741496,0.04081632653061224,0.10204081632653061,0.07482993197278912,0.05442176870748299,0.02040816326530612,0.04081632653061224,0.034013605442176874,DNA
0.12149532710280374,0.102803738317757,0.028037383177570093,0.009345794392523364,0.0,0.102803738317757,0.04672897196261682,0.09345794392523364,0.018691588785046728,0.04672897196261682,0.102803738317757,0.07476635514018691,0.028037383177570093,0.009345794392523364,0.037383177570093455,0.09345794392523364,0.018691588785046728,0.0,0.0,0.06542056074766354,DNA
0.09421487603305785,0.049586776859504134,0.05289256198347107,0.0512396694214876,0.023140495867768594,0.07768595041322314,0.04462809917355372,0.05289256198347107,0.024793388429752067,0.03305785123966942,0.10743801652892562,0.06611570247933884,0.01487603305785124,0.05619834710743802,0.024793388429752067,0.08099173553719008,0.05454545454545454,0.01818181818181818,0.024793388429752067,0.047933884297520664,DNA
0.1111111111111111,0.043209876543209874,0.037037037037037035,0.06790123456790123,0.0,0.08641975308641975,0.030864197530864196,0.1111111111111111,0.006172839506172839,0.05555555555555555,0.018518518518518517,0.13580246913580246,0.024691358024691357,0.024691358024691357,0.05555555555555555,0.08641975308641975,0.043209876543209874,0.006172839506172839,0.018518518518518517,0.037037037037037035,DNA
0.08310626702997276,0.043596730245231606,0.06267029972752043,0.05858310626702997,0.008174386920980926,0.0326975476839237,0.05449591280653951,0.08174386920980926,0.027247956403269755,0.039509536784741145,0.06130790190735695,0.047683923705722074,0.017711171662125342,0.04087193460490463,0.07629427792915532,0.06130790190735695,0.09400544959128065,0.021798365122615803,0.039509536784741145,0.047683923705722074,DNA
0.07427785419532325,0.04401650618982118,0.07702888583218707,0.055020632737276476,0.005502063273727648,0.037138927097661624,0.04401650618982118,0.08803301237964237,0.02063273727647868,0.04264099037138927,0.0577716643741403,0.05089408528198074,0.01925722145804677,0.0453920220082531,0.08390646492434663,0.052269601100412656,0.08528198074277854,0.02063273727647868,0.039889958734525444,0.05639614855570839,DNA
0.06082289803220036,0.08407871198568873,0.012522361359570662,0.04293381037567084,0.04114490161001789,0.05008944543828265,0.03398926654740608,0.10196779964221825,0.026833631484794274,0.016100178890876567,0.10554561717352415,0.04293381037567084,0.008944543828264758,0.03220035778175313,0.09660107334525939,0.10554561717352415,0.03577817531305903,0.02146690518783542,0.025044722719141325,0.055456171735241505,DNA
0.1111111111111111,0.06944444444444445,0.08333333333333333,0.013888888888888888,0.0,0.06944444444444445,0.1111111111111111,0.09722222222222222,0.013888888888888888,0.05555555555555555,0.08333333333333333,0.027777777777777776,0.041666666666666664,0.027777777777777776,0.013888888888888888,0.09722222222222222,0.041666666666666664,0.0,0.0,0.041666666666666664,DNA
0.07127882599580712,0.03773584905660377,0.03773584905660377,0.07337526205450734,0.012578616352201259,0.03563941299790356,0.05660377358490566,0.09014675052410902,0.06289308176100629,0.033542976939203356,0.07127882599580712,0.03563941299790356,0.050314465408805034,0.025157232704402517,0.10272536687631027,0.0880503144654088,0.03773584905660377,0.006289308176100629,0.023060796645702306,0.04821802935010482,DNA
0.06944444444444445,0.041666666666666664,0.06944444444444445,0.08333333333333333,0.013888888888888888,0.09722222222222222,0.041666666666666664,0.013888888888888888,0.027777777777777776,0.06944444444444445,0.1388888888888889,0.08333333333333333,0.041666666666666664,0.013888888888888888,0.041666666666666664,0.05555555555555555,0.013888888888888888,0.0,0.013888888888888888,0.06944444444444445,DNA
0.08860759493670886,0.10126582278481013,0.02531645569620253,0.08860759493670886,0.0,0.06329113924050633,0.012658227848101266,0.0759493670886076,0.0,0.05063291139240506,0.11392405063291139,0.02531645569620253,0.02531645569620253,0.0379746835443038,0.0759493670886076,0.0759493670886076,0.06329113924050633,0.0,0.012658227848101266,0.06329113924050633,DNA
0.06451612903225806,0.056451612903225805,0.038306451612903226,0.06451612903225806,0.008064516129032258,0.034274193548387094,0.056451612903225805,0.06048387096774194,0.03024193548387097,0.05443548387096774,0.07459677419354839,0.0967741935483871,0.016129032258064516,0.028225806451612902,0.04032258064516129,0.0967741935483871,0.08064516129032258,0.02217741935483871,0.028225806451612902,0.04838709677419355,DNA
0.13023255813953488,0.12093023255813953,0.0,0.046511627906976744,0.009302325581395349,0.06046511627906977,0.03255813953488372,0.07441860465116279,0.027906976744186046,0.04186046511627907,0.11162790697674418,0.013953488372093023,0.023255813953488372,0.023255813953488372,0.04186046511627907,0.046511627906976744,0.07906976744186046,0.009302325581395349,0.023255813953488372,0.08372093023255814,DNA
0.048034934497816595,0.09606986899563319,0.021834061135371178,0.056768558951965066,0.004366812227074236,0.10480349344978165,0.03056768558951965,0.06550218340611354,0.03056768558951965,0.048034934497816595,0.08733624454148471,0.03056768558951965,0.05240174672489083,0.039301310043668124,0.0611353711790393,0.039301310043668124,0.05240174672489083,0.013100436681222707,0.021834061135371178,0.09606986899563319,DNA
0.0660377358490566,0.04716981132075472,0.04874213836477988,0.04716981132075472,0.015723270440251572,0.08018867924528301,0.055031446540880505,0.04716981132075472,0.040880503144654086,0.04559748427672956,0.08018867924528301,0.06918238993710692,0.015723270440251572,0.020440251572327043,0.08018867924528301,0.08962264150943396,0.05817610062893082,0.018867924528301886,0.0220125786163522,0.05188679245283019,DNA
0.11764705882352941,0.125,0.007352941176470588,0.029411764705882353,0.0,0.051470588235294115,0.058823529411764705,0.051470588235294115,0.014705882352941176,0.051470588235294115,0.09558823529411764,0.11764705882352941,0.007352941176470588,0.03676470588235294,0.03676470588235294,0.07352941176470588,0.0661764705882353,0.0,0.014705882352941176,0.04411764705882353,DNA
0.1323529411764706,0.1323529411764706,0.007352941176470588,0.029411764705882353,0.014705882352941176,0.051470588235294115,0.058823529411764705,0.051470588235294115,0.014705882352941176,0.051470588235294115,0.08823529411764706,0.09558823529411764,0.022058823529411766,0.029411764705882353,0.04411764705882353,0.03676470588235294,0.07352941176470588,0.0,0.022058823529411766,0.04411764705882353,DNA
0.1323529411764706,0.1323529411764706,0.007352941176470588,0.029411764705882353,0.007352941176470588,0.051470588235294115,0.058823529411764705,0.051470588235294115,0.014705882352941176,0.051470588235294115,0.08823529411764706,0.09558823529411764,0.022058823529411766,0.029411764705882353,0.04411764705882353,0.04411764705882353,0.07352941176470588,0.0,0.022058823529411766,0.04411764705882353,DNA
0.1323529411764706,0.1323529411764706,0.007352941176470588,0.029411764705882353,0.007352941176470588,0.051470588235294115,0.058823529411764705,0.058823529411764705,0.014705882352941176,0.058823529411764705,0.08823529411764706,0.09558823529411764,0.014705882352941176,0.029411764705882353,0.04411764705882353,0.04411764705882353,0.07352941176470588,0.0,0.022058823529411766,0.03676470588235294,DNA
0.1259259259259259,0.13333333333333333,0.014814814814814815,0.02962962962962963,0.014814814814814815,0.05185185185185185,0.05925925925925926,0.05185185185185185,0.014814814814814815,0.05185185185185185,0.0962962962962963,0.08148148148148149,0.014814814814814815,0.022222222222222223,0.044444444444444446,0.044444444444444446,0.08148148148148149,0.0,0.022222222222222223,0.044444444444444446,DNA
0.1323529411764706,0.1323529411764706,0.007352941176470588,0.029411764705882353,0.014705882352941176,0.051470588235294115,0.058823529411764705,0.04411764705882353,0.014705882352941176,0.051470588235294115,0.08823529411764706,0.10294117647058823,0.022058823529411766,0.029411764705882353,0.04411764705882353,0.029411764705882353,0.07352941176470588,0.0,0.022058823529411766,0.051470588235294115,DNA
0.09061488673139159,0.07766990291262135,0.04854368932038835,0.045307443365695796,0.006472491909385114,0.061488673139158574,0.07119741100323625,0.025889967637540454,0.05501618122977346,0.05177993527508091,0.1262135922330097,0.061488673139158574,0.006472491909385114,0.025889967637540454,0.05501618122977346,0.03559870550161812,0.038834951456310676,0.016181229773462782,0.025889967637540454,0.0744336569579288,DNA
0.06038647342995169,0.033816425120772944,0.01932367149758454,0.0748792270531401,0.01932367149758454,0.08454106280193237,0.036231884057971016,0.13043478260869565,0.07246376811594203,0.04830917874396135,0.04830917874396135,0.07729468599033816,0.01932367149758454,0.026570048309178744,0.05555555555555555,0.05555555555555555,0.057971014492753624,0.004830917874396135,0.014492753623188406,0.06038647342995169,DNA
0.08378378378378379,0.05675675675675676,0.04594594594594595,0.05945945945945946,0.032432432432432434,0.07027027027027027,0.03513513513513514,0.06756756756756757,0.016216216216216217,0.043243243243243246,0.1,0.04864864864864865,0.016216216216216217,0.043243243243243246,0.062162162162162166,0.06756756756756757,0.05945945945945946,0.016216216216216217,0.024324324324324326,0.051351351351351354,DNA
0.045454545454545456,0.05194805194805195,0.032467532467532464,0.04329004329004329,0.03896103896103896,0.05844155844155844,0.04329004329004329,0.07142857142857142,0.017316017316017316,0.047619047619047616,0.09956709956709957,0.05844155844155844,0.030303030303030304,0.03463203463203463,0.09523809523809523,0.09523809523809523,0.0670995670995671,0.0021645021645021645,0.025974025974025976,0.04112554112554113,DNA
0.07692307692307693,0.038461538461538464,0.02564102564102564,0.0641025641025641,0.01282051282051282,0.05128205128205128,0.05128205128205128,0.07692307692307693,0.0,0.07692307692307693,0.11538461538461539,0.07692307692307693,0.02564102564102564,0.01282051282051282,0.01282051282051282,0.07692307692307693,0.08974358974358974,0.01282051282051282,0.02564102564102564,0.07692307692307693,DNA
0.125,0.045454545454545456,0.05113636363636364,0.05113636363636364,0.022727272727272728,0.11363636363636363,0.10227272727272728,0.028409090909090908,0.011363636363636364,0.0625,0.09090909090909091,0.056818181818181816,0.017045454545454544,0.017045454545454544,0.022727272727272728,0.09659090909090909,0.028409090909090908,0.005681818181818182,0.005681818181818182,0.045454545454545456,DNA
0.07550077041602465,0.03697996918335902,0.04930662557781202,0.04930662557781202,0.02773497688751926,0.07395993836671803,0.053929121725731895,0.04776579352850539,0.023112480739599383,0.06317411402157165,0.08320493066255778,0.09244992295839753,0.03389830508474576,0.03697996918335902,0.026194144838212634,0.07550077041602465,0.04930662557781202,0.01078582434514638,0.032357473035439135,0.05855161787365177,DNA
0.1282051282051282,0.10256410256410256,0.0641025641025641,0.038461538461538464,0.0,0.08974358974358974,0.038461538461538464,0.07692307692307693,0.01282051282051282,0.08974358974358974,0.08974358974358974,0.02564102564102564,0.02564102564102564,0.01282051282051282,0.0,0.07692307692307693,0.05128205128205128,0.0,0.0,0.07692307692307693,DNA
0.1252236135957066,0.03398926654740608,0.023255813953488372,0.04114490161001789,0.005366726296958855,0.07513416815742398,0.06976744186046512,0.07692307692307693,0.012522361359570662,0.055456171735241505,0.07692307692307693,0.057245080500894455,0.03577817531305903,0.028622540250447227,0.06797853309481217,0.0626118067978533,0.0518783542039356,0.005366726296958855,0.01967799642218247,0.07513416815742398,DNA
0.05737704918032787,0.040983606557377046,0.05737704918032787,0.05245901639344262,0.021311475409836064,0.07213114754098361,0.05081967213114754,0.04918032786885246,0.018032786885245903,0.04918032786885246,0.06885245901639345,0.07540983606557378,0.014754098360655738,0.047540983606557376,0.047540983606557376,0.07704918032786885,0.05573770491803279,0.027868852459016394,0.03114754098360656,0.08524590163934426,DNA
0.10850439882697947,0.07331378299120235,0.04105571847507331,0.04398826979472141,0.011730205278592375,0.08211143695014662,0.02932551319648094,0.06744868035190615,0.02346041055718475,0.06158357771260997,0.07331378299120235,0.04398826979472141,0.0469208211143695,0.03225806451612903,0.0469208211143695,0.04985337243401759,0.0469208211143695,0.011730205278592375,0.03519061583577713,0.07038123167155426,DNA
0.05137289636846767,0.054030115146147036,0.054030115146147036,0.07263064658990256,0.007971656333038087,0.09565987599645705,0.04074402125775022,0.045172719220549155,0.01948627103631532,0.05580159433126661,0.10983170947741364,0.1054030115146147,0.01771479185119575,0.04162976085031001,0.03631532329495128,0.06111603188662533,0.043401240035429584,0.011514614703277236,0.03454384410983171,0.04162976085031001,DNA
0.03759398496240601,0.045112781954887216,0.09022556390977443,0.007518796992481203,0.06766917293233082,0.015037593984962405,0.045112781954887216,0.05263157894736842,0.022556390977443608,0.11278195488721804,0.07518796992481203,0.03759398496240601,0.022556390977443608,0.03759398496240601,0.045112781954887216,0.07518796992481203,0.11278195488721804,0.007518796992481203,0.03007518796992481,0.06015037593984962,DNA
0.09595959595959595,0.06060606060606061,0.05555555555555555,0.04040404040404041,0.015151515151515152,0.04040404040404041,0.030303030303030304,0.04040404040404041,0.020202020202020204,0.10606060606060606,0.07575757575757576,0.08080808080808081,0.025252525252525252,0.045454545454545456,0.045454545454545456,0.0707070707070707,0.04040404040404041,0.0,0.045454545454545456,0.06565656565656566,DNA
0.031746031746031744,0.06349206349206349,0.1111111111111111,0.023809523809523808,0.015873015873015872,0.0873015873015873,0.03968253968253968,0.023809523809523808,0.031746031746031744,0.09523809523809523,0.07936507936507936,0.1111111111111111,0.031746031746031744,0.03968253968253968,0.023809523809523808,0.07936507936507936,0.047619047619047616,0.007936507936507936,0.015873015873015872,0.03968253968253968,DNA
0.09534883720930233,0.05116279069767442,0.053488372093023255,0.03953488372093023,0.011627906976744186,0.06744186046511629,0.06976744186046512,0.08604651162790698,0.03255813953488372,0.04883720930232558,0.06279069767441861,0.04883720930232558,0.03255813953488372,0.023255813953488372,0.037209302325581395,0.11162790697674418,0.053488372093023255,0.004651162790697674,0.02558139534883721,0.044186046511627906,DNA
0.0410958904109589,0.04452054794520548,0.05821917808219178,0.0684931506849315,0.02054794520547945,0.09931506849315068,0.0273972602739726,0.0547945205479452,0.010273972602739725,0.0821917808219178,0.07191780821917808,0.10616438356164383,0.0273972602739726,0.07191780821917808,0.023972602739726026,0.04794520547945205,0.017123287671232876,0.010273972602739725,0.0547945205479452,0.06164383561643835,DNA
0.058823529411764705,0.054901960784313725,0.021568627450980392,0.056862745098039215,0.021568627450980392,0.07450980392156863,0.06862745098039216,0.060784313725490195,0.03333333333333333,0.01568627450980392,0.07450980392156863,0.041176470588235294,0.029411764705882353,0.049019607843137254,0.1392156862745098,0.07058823529411765,0.029411764705882353,0.00784313725490196,0.049019607843137254,0.043137254901960784,DNA
0.04612159329140461,0.06079664570230608,0.039832285115303984,0.05660377358490566,0.023060796645702306,0.07756813417190776,0.06289308176100629,0.04821802935010482,0.033542976939203356,0.027253668763102725,0.05660377358490566,0.04612159329140461,0.039832285115303984,0.05241090146750524,0.11320754716981132,0.08176100628930817,0.031446540880503145,0.008385744234800839,0.05241090146750524,0.041928721174004195,DNA
0.06946264744429882,0.045871559633027525,0.05504587155963303,0.04193971166448231,0.007863695937090432,0.07601572739187418,0.0982961992136304,0.04062909567496723,0.028833551769331587,0.03800786369593709,0.10091743119266056,0.057667103538663174,0.02621231979030144,0.019659239842726082,0.07601572739187418,0.07863695937090433,0.045871559633027525,0.009174311926605505,0.02490170380078637,0.05897771952817824,DNA
0.06,0.05,0.042,0.048,0.026,0.066,0.046,0.07,0.02,0.042,0.072,0.062,0.028,0.038,0.064,0.086,0.066,0.012,0.034,0.068,DNA
0.06794425087108014,0.042682926829268296,0.037456445993031356,0.06358885017421603,0.0078397212543554,0.07926829268292683,0.036585365853658534,0.05313588850174216,0.018292682926829267,0.04790940766550523,0.07317073170731707,0.13850174216027875,0.024390243902439025,0.023519163763066203,0.042682926829268296,0.11498257839721254,0.04965156794425087,0.006968641114982578,0.02613240418118467,0.04529616724738676,DNA
0.05367231638418079,0.038135593220338986,0.0480225988700565,0.06779661016949153,0.0211864406779661,0.08050847457627118,0.04096045197740113,0.05084745762711865,0.026836158192090395,0.0423728813559322,0.10028248587570622,0.08898305084745763,0.03248587570621469,0.05084745762711865,0.04519774011299435,0.06638418079096045,0.043785310734463276,0.01694915254237288,0.03672316384180791,0.0480225988700565,DNA
0.06649616368286446,0.06649616368286446,0.030690537084398978,0.04859335038363171,0.0076726342710997444,0.03836317135549872,0.04859335038363171,0.08951406649616368,0.023017902813299233,0.04859335038363171,0.056265984654731455,0.03580562659846547,0.015345268542199489,0.020460358056265986,0.09974424552429667,0.11508951406649616,0.06649616368286446,0.005115089514066497,0.043478260869565216,0.0741687979539642,DNA
0.05245901639344262,0.036065573770491806,0.05573770491803279,0.07540983606557378,0.009836065573770493,0.06557377049180328,0.013114754098360656,0.03934426229508197,0.019672131147540985,0.08524590163934426,0.07540983606557378,0.1180327868852459,0.029508196721311476,0.03934426229508197,0.02622950819672131,0.07868852459016394,0.036065573770491806,0.019672131147540985,0.06229508196721312,0.06229508196721312,DNA
0.062381852551984876,0.035916824196597356,0.02835538752362949,0.06805293005671077,0.00945179584120983,0.06049149338374291,0.043478260869565216,0.054820415879017016,0.024574669187145556,0.03213610586011342,0.11153119092627599,0.05103969754253308,0.022684310018903593,0.03213610586011342,0.1001890359168242,0.1323251417769376,0.04725897920604915,0.005671077504725898,0.015122873345935728,0.062381852551984876,DNA
0.08267716535433071,0.07283464566929133,0.04330708661417323,0.0531496062992126,0.03740157480314961,0.0531496062992126,0.05708661417322835,0.10039370078740158,0.021653543307086614,0.04330708661417323,0.08858267716535433,0.04330708661417323,0.027559055118110236,0.03543307086614173,0.047244094488188976,0.10236220472440945,0.015748031496062992,0.003937007874015748,0.023622047244094488,0.047244094488188976,DNA
0.0779510022271715,0.07126948775055679,0.0334075723830735,0.0400890868596882,0.042316258351893093,0.060133630289532294,0.035634743875278395,0.10244988864142539,0.0200445434298441,0.044543429844097995,0.07349665924276169,0.0334075723830735,0.015590200445434299,0.0378619153674833,0.0935412026726058,0.06904231625835189,0.0467706013363029,0.017817371937639197,0.011135857461024499,0.07349665924276169,DNA
0.1303714493809177,0.05243991260014567,0.019664967225054626,0.04297159504734159,0.018936635105608158,0.035688273852876914,0.09249817916970138,0.08812818645302258,0.03423160961398398,0.032046613255644577,0.12527312454479242,0.027676620538965767,0.00873998543335761,0.010196649672250545,0.07356154406409322,0.04879825200291333,0.05680990531682447,0.003641660597232338,0.0029133284777858705,0.09541150764748725,DNA
0.06274509803921569,0.07058823529411765,0.03137254901960784,0.058823529411764705,0.01568627450980392,0.08235294117647059,0.041176470588235294,0.058823529411764705,0.021568627450980392,0.041176470588235294,0.10980392156862745,0.06862745098039216,0.03137254901960784,0.050980392156862744,0.0392156862745098,0.06862745098039216,0.049019607843137254,0.013725490196078431,0.021568627450980392,0.06274509803921569,DNA
0.07612456747404844,0.07958477508650519,0.01730103806228374,0.06228373702422145,0.010380622837370242,0.05536332179930796,0.06228373702422145,0.06920415224913495,0.02422145328719723,0.05536332179930796,0.10726643598615918,0.03460207612456748,0.02768166089965398,0.04844290657439446,0.058823529411764705,0.04152249134948097,0.0657439446366782,0.01384083044982699,0.04844290657439446,0.04152249134948097,DNA
0.12213740458015267,0.08396946564885496,0.022900763358778626,0.04580152671755725,0.0,0.09923664122137404,0.030534351145038167,0.11450381679389313,0.022900763358778626,0.015267175572519083,0.04580152671755725,0.061068702290076333,0.030534351145038167,0.030534351145038167,0.022900763358778626,0.12213740458015267,0.022900763358778626,0.015267175572519083,0.04580152671755725,0.04580152671755725,DNA
0.1141552511415525,0.1095890410958904,0.0136986301369863,0.0228310502283105,0.0182648401826484,0.0730593607305936,0.0136986301369863,0.0958904109589041,0.0365296803652968,0.0091324200913242,0.1415525114155251,0.0273972602739726,0.0136986301369863,0.0410958904109589,0.0821917808219178,0.0365296803652968,0.045662100456621,0.0136986301369863,0.0319634703196347,0.0593607305936073,DNA
0.06010230179028133,0.04859335038363171,0.03836317135549872,0.056265984654731455,0.03324808184143223,0.0639386189258312,0.049872122762148335,0.06777493606138107,0.024296675191815855,0.024296675191815855,0.10997442455242967,0.0639386189258312,0.01918158567774936,0.05115089514066496,0.06649616368286446,0.08567774936061381,0.04731457800511509,0.01278772378516624,0.030690537084398978,0.04603580562659847,DNA
0.048723897911832945,0.02088167053364269,0.048723897911832945,0.04176334106728538,0.004640371229698376,0.05104408352668213,0.03944315545243619,0.03944315545243619,0.01160092807424594,0.05336426914153132,0.10904872389791183,0.07424593967517401,0.016241299303944315,0.037122969837587005,0.12064965197215777,0.13921113689095127,0.06728538283062645,0.009280742459396751,0.018561484918793503,0.048723897911832945,DNA
0.06277056277056277,0.05411255411255411,0.03896103896103896,0.045454545454545456,0.02813852813852814,0.06060606060606061,0.030303030303030304,0.06926406926406926,0.032467532467532464,0.04329004329004329,0.1038961038961039,0.05627705627705628,0.0367965367965368,0.0367965367965368,0.07575757575757576,0.09740259740259741,0.05194805194805195,0.004329004329004329,0.01948051948051948,0.05194805194805195,DNA
0.05194805194805195,0.048701298701298704,0.05303030303030303,0.06277056277056277,0.021645021645021644,0.06385281385281386,0.046536796536796536,0.03354978354978355,0.022727272727272728,0.06926406926406926,0.09632034632034632,0.0670995670995671,0.015151515151515152,0.05519480519480519,0.050865800865800864,0.10497835497835498,0.05194805194805195,0.004329004329004329,0.030303030303030304,0.049783549783549784,DNA
0.0496031746031746,0.06944444444444445,0.07539682539682539,0.06547619047619048,0.013888888888888888,0.061507936507936505,0.047619047619047616,0.04563492063492063,0.025793650793650792,0.051587301587301584,0.0992063492063492,0.06944444444444445,0.025793650793650792,0.041666666666666664,0.027777777777777776,0.09325396825396826,0.041666666666666664,0.023809523809523808,0.027777777777777776,0.04365079365079365,DNA
0.09166666666666666,0.08333333333333333,0.043055555555555555,0.05277777777777778,0.008333333333333333,0.08194444444444444,0.06527777777777778,0.07083333333333333,0.025,0.043055555555555555,0.10833333333333334,0.03333333333333333,0.03333333333333333,0.030555555555555555,0.027777777777777776,0.04861111111111111,0.04583333333333333,0.018055555555555554,0.03194444444444444,0.05694444444444444,DNA
0.051630434782608696,0.03804347826086957,0.04619565217391304,0.035326086956521736,0.029891304347826088,0.0625,0.0625,0.03804347826086957,0.051630434782608696,0.035326086956521736,0.06793478260869565,0.07065217391304347,0.029891304347826088,0.024456521739130436,0.04891304347826087,0.08695652173913043,0.07608695652173914,0.021739130434782608,0.04076086956521739,0.08152173913043478,DNA
0.038461538461538464,0.06923076923076923,0.07692307692307693,0.046153846153846156,0.015384615384615385,0.1076923076923077,0.06923076923076923,0.023076923076923078,0.0,0.08461538461538462,0.14615384615384616,0.06923076923076923,0.015384615384615385,0.007692307692307693,0.007692307692307693,0.06923076923076923,0.03076923076923077,0.007692307692307693,0.038461538461538464,0.07692307692307693,DNA
0.03926096997690531,0.04387990762124711,0.04849884526558892,0.06697459584295612,0.013856812933025405,0.07621247113163972,0.03002309468822171,0.06004618937644342,0.018475750577367205,0.09699769053117784,0.09468822170900693,0.07159353348729793,0.025404157043879907,0.05542725173210162,0.03233256351039261,0.053117782909930716,0.06235565819861432,0.006928406466512702,0.04157043879907621,0.06235565819861432,DNA
0.017220172201722016,0.02706027060270603,0.2693726937269373,0.04428044280442804,0.013530135301353014,0.03198031980319803,0.04428044280442804,0.04551045510455105,0.03690036900369004,0.02952029520295203,0.07626076260762607,0.05781057810578106,0.04551045510455105,0.028290282902829027,0.023370233702337023,0.12915129151291513,0.024600246002460024,0.006150061500615006,0.024600246002460024,0.024600246002460024,DNA
0.037383177570093455,0.08878504672897196,0.04672897196261682,0.04205607476635514,0.018691588785046728,0.08411214953271028,0.0514018691588785,0.04205607476635514,0.014018691588785047,0.08411214953271028,0.08411214953271028,0.06074766355140187,0.03271028037383177,0.04205607476635514,0.04672897196261682,0.08878504672897196,0.04672897196261682,0.009345794392523364,0.03271028037383177,0.04672897196261682,DNA
0.09308510638297872,0.05585106382978723,0.047872340425531915,0.0425531914893617,0.013297872340425532,0.0797872340425532,0.07446808510638298,0.07712765957446809,0.023936170212765957,0.05585106382978723,0.06648936170212766,0.061170212765957445,0.047872340425531915,0.018617021276595744,0.05851063829787234,0.0851063829787234,0.034574468085106384,0.0026595744680851063,0.03723404255319149,0.023936170212765957,DNA
0.10144927536231885,0.06521739130434782,0.043478260869565216,0.036231884057971016,0.021739130434782608,0.14492753623188406,0.07246376811594203,0.021739130434782608,0.014492753623188406,0.043478260869565216,0.07246376811594203,0.10144927536231885,0.021739130434782608,0.036231884057971016,0.007246376811594203,0.07246376811594203,0.057971014492753624,0.0,0.021739130434782608,0.043478260869565216,DNA
0.061068702290076333,0.06615776081424936,0.035623409669211195,0.05089058524173028,0.02544529262086514,0.07633587786259542,0.03816793893129771,0.058524173027989825,0.030534351145038167,0.020356234096692113,0.08142493638676845,0.05089058524173028,0.030534351145038167,0.027989821882951654,0.11450381679389313,0.09669211195928754,0.05597964376590331,0.010178117048346057,0.022900763358778626,0.04580152671755725,DNA
0.059431524547803614,0.06201550387596899,0.020671834625323,0.04392764857881137,0.031007751937984496,0.082687338501292,0.03617571059431524,0.06201550387596899,0.028423772609819122,0.023255813953488372,0.09043927648578812,0.06201550387596899,0.025839793281653745,0.03359173126614987,0.09819121447028424,0.09043927648578812,0.059431524547803614,0.007751937984496124,0.031007751937984496,0.05167958656330749,DNA
0.050359712230215826,0.050359712230215826,0.050359712230215826,0.050359712230215826,0.0,0.08633093525179857,0.09352517985611511,0.04316546762589928,0.02158273381294964,0.050359712230215826,0.1223021582733813,0.07194244604316546,0.04316546762589928,0.03597122302158273,0.007194244604316547,0.06474820143884892,0.08633093525179857,0.0,0.04316546762589928,0.02877697841726619,DNA
0.09876543209876543,0.06172839506172839,0.0,0.08641975308641975,0.0,0.07407407407407407,0.06172839506172839,0.07407407407407407,0.024691358024691357,0.0,0.1728395061728395,0.07407407407407407,0.024691358024691357,0.04938271604938271,0.012345679012345678,0.037037037037037035,0.012345679012345678,0.0,0.0,0.13580246913580246,DNA
0.05639614855570839,0.061898211829436035,0.033012379642365884,0.055020632737276476,0.037138927097661624,0.10729023383768914,0.055020632737276476,0.05364511691884457,0.0453920220082531,0.030261348005502064,0.048143053645116916,0.08940852819807428,0.03163686382393398,0.023383768913342505,0.0687757909215956,0.04676753782668501,0.06464924346629987,0.001375515818431912,0.024759284731774415,0.06602475928473177,DNA
0.06097560975609756,0.10823170731707317,0.021341463414634148,0.0701219512195122,0.05030487804878049,0.08841463414634146,0.06097560975609756,0.051829268292682924,0.028963414634146343,0.03353658536585366,0.06707317073170732,0.0701219512195122,0.019817073170731708,0.022865853658536585,0.07774390243902439,0.06402439024390244,0.03353658536585366,0.010670731707317074,0.024390243902439025,0.0350609756097561,DNA
0.11837237977805179,0.10110974106041924,0.008631319358816275,0.04315659679408138,0.0012330456226880395,0.11097410604192355,0.027127003699136867,0.07644882860665844,0.013563501849568433,0.01726263871763255,0.16522811344019728,0.030826140567200986,0.01726263871763255,0.03822441430332922,0.059186189889025895,0.027127003699136867,0.04315659679408138,0.002466091245376079,0.0345252774352651,0.06411837237977805,DNA
0.05756207674943566,0.04966139954853273,0.06772009029345373,0.046275395033860044,0.01580135440180587,0.07900677200902935,0.03724604966139955,0.034988713318284424,0.016930022573363433,0.05981941309255079,0.08803611738148984,0.060948081264108354,0.025959367945823927,0.03837471783295711,0.04401805869074492,0.1072234762979684,0.06772009029345373,0.012415349887133182,0.029345372460496615,0.060948081264108354,DNA
